00000000000000000000000000000000000000000000000000
00000000000000000000000000000000000000000000000000
00000000000000000000000000000000000000000000000000
00000000000000000011000000000000000000000000000000
00000000000000000011000000000000000000000000000000
00000000000000000000000000000000000000000000000000
00000000000000001111000000000000000000000000000000
00000000000011010000100000000000000000000000000000
00000000000011010010100000000000000000000000000000
00000000000000010010101100000000000000000000000000
00000000000000010100101100000000000000000000000000
00000000000000001111000000000000000000000000000000
00000000000000000000000000000000000000000000000000
00000000000000000011000000000000000000000000000000
00000000000000000011000000000000000000000000000000
00000000000000000000000000000000000000000000000000
00000000000000000000000000000000000000000000000000
00000000000000000000000000000000000000000000000000
00000000000000000000000000000000000000000000000000
00000000000000000000000000000000000000000000000000
00000000000000000000000000000000000000000000000000
00000000000000000000000000000000000000000000000000
00000000000000000000000000000000000000000000000000
00000000000000000000000000000000000000000000000000
00000000000000000000000000000000000000000000000000