00000000000000000000000000000000000000000000000000
00000000000000000000000000000000000000000000000000
00000000000000100000000000000000000000000000000000
00000000000000010000000000000000000000000000000000
00000000000001110000000000000000000000000000000000
00000000000000000000000000000000000000000000000000
00000000000000000000000000000000000000000000000000
00000000000000000000000000000000000000000000000000
00000000000000000000000000000000000000000000000000
00000000000000000000000000000000000000000000000000
00000000000000000000000000000000000000000000000000
00000000000000000000000000000000000000000000000000
00000000000000000000000000000000000000000000000000
00110000000000000000000000000000000000000000000000
10000100000000000000000000000000000000000000000000
00000010000000000000000000000000000000000000000000
10000010000000000000000000000000000000000000000000
01111110000000000000000000000000000000000000000000
00000000000000000000000000000000000000000000000000
00000000000000000000000000000000000000000000000000
00000000000000000000000000000000000000000000000000
00000000000000000000000000000000000000000000000000
00000000000000000000000000000000000000000000000000
00000000000000000000000000000000000000000000000000
00000000000000000000000000000000000000000000000000